[0, 133, 64, 231, 217, 70, 90, 249]
[0, 133, 64, 231, 217, 70, 90, 28, 249]
[0, 133, 64, 231, 217, 70, 90, 72, 16, 32]
[0, 133, 64, 231, 217, 70, 90, 216, 209, 231]
[0, 133, 64, 231, 217, 70, 90, 216, 209, 233]
[0, 133, 64, 231, 217, 70, 90, 72, 81, 45]
[0, 133, 64, 231, 217, 70, 90, 216, 209, 46]
[0, 133, 64, 231, 217, 70, 90, 216, 209, 47]
[0, 133, 64, 231, 217, 70, 90, 216, 209, 240]
[0, 133, 64, 231, 217, 70, 90, 210, 49, 48]
[0, 133, 64, 231, 217, 70, 90, 72, 81, 243]
[0, 133, 64, 231, 217, 70, 90, 72, 181, 43]
[0, 133, 64, 231, 217, 70, 90, 72, 81, 244]
[0, 133, 64, 231, 217, 70, 90, 216, 209, 246]
[0, 133, 64, 231, 217, 70, 90, 210, 49, 87]
[0, 133, 64, 231, 217, 70, 90, 72, 81, 88]
[0, 133, 64, 231, 217, 70, 90, 210, 49, 248]
[0, 133, 64, 231, 217, 70, 90, 72, 81, 89]
[0, 133, 64, 231, 217, 70, 90, 210, 49, 31]
[0, 133, 64, 231, 217, 70, 90, 210, 176, 94]
[0, 133, 64, 231, 217, 70, 90, 210, 49, 36]
[0, 210, 16, 32, 133, 132, 46, 249]
[0, 210, 16, 32, 133, 132, 46, 217, 70, 90]
[0, 210, 16, 32, 133, 132, 231, 249]
[0, 210, 16, 32, 133, 132, 233, 249]
[0, 210, 16, 32, 133, 132, 240, 249]
[0, 210, 16, 32, 133, 132, 246, 249]
[0, 210, 16, 32, 63, 65, 43, 249]
[0, 210, 16, 32, 63, 65, 43, 138, 106, 92]
[0, 210, 16, 32, 63, 65, 43, 138, 106, 33]
[0, 210, 16, 32, 63, 65, 43, 138, 106, 34]
[0, 210, 16, 32, 63, 65, 43, 138, 106, 230]
[0, 210, 16, 32, 63, 65, 43, 138, 106, 40]
[0, 210, 16, 32, 63, 65, 43, 138, 106, 232]
[0, 210, 16, 32, 63, 65, 43, 138, 106, 41]
[0, 210, 16, 32, 63, 65, 43, 138, 106, 42]
[0, 210, 16, 32, 63, 65, 43, 138, 106, 234]
[0, 210, 16, 32, 63, 65, 43, 68, 219, 241]
[0, 210, 16, 32, 63, 65, 43, 138, 106, 235]
[0, 210, 16, 32, 63, 65, 43, 138, 106, 236]
[0, 210, 16, 32, 63, 65, 43, 138, 106, 237]
[0, 210, 16, 32, 63, 65, 43, 138, 106, 238]
[0, 210, 16, 32, 63, 65, 43, 138, 106, 239]
[0, 210, 16, 32, 63, 65, 43, 138, 106, 85]
[0, 210, 16, 32, 63, 65, 43, 138, 106, 245]
[0, 210, 16, 32, 63, 65, 43, 138, 106, 247]
[0, 210, 16, 32, 63, 65, 43, 138, 106, 91]
[0, 210, 16, 32, 63, 65, 45, 249]
[0, 210, 16, 32, 63, 65, 88, 249]
[0, 210, 16, 32, 63, 65, 89, 249]
[0, 210, 16, 32, 63, 65, 244, 249]
[0, 210, 16, 32, 63, 140, 243, 249]
[0, 64, 133, 43, 138, 16, 32, 249]
[0, 64, 133, 43, 138, 16, 40, 249]
[0, 64, 133, 43, 138, 106, 31, 249]
[0, 64, 133, 43, 138, 106, 33, 249]
[0, 64, 133, 43, 138, 106, 34, 249]
[0, 64, 133, 43, 138, 106, 36, 249]
[0, 64, 133, 43, 138, 106, 41, 249]
[0, 64, 133, 43, 138, 106, 42, 249]
[0, 64, 133, 43, 138, 106, 48, 249]
[0, 64, 133, 43, 138, 106, 85, 249]
[0, 64, 133, 43, 138, 106, 87, 249]
[0, 64, 133, 43, 138, 106, 91, 249]
[0, 64, 133, 43, 138, 106, 92, 249]
[0, 64, 133, 43, 138, 106, 230, 249]
[0, 64, 133, 43, 138, 106, 232, 249]
[0, 64, 133, 43, 138, 106, 234, 249]
[0, 64, 133, 43, 138, 106, 235, 249]
[0, 64, 133, 43, 138, 106, 236, 249]
[0, 64, 133, 43, 138, 106, 237, 249]
[0, 64, 133, 43, 138, 106, 238, 249]
[0, 64, 133, 43, 138, 106, 239, 249]
[0, 64, 133, 43, 138, 106, 245, 249]
[0, 64, 133, 43, 138, 106, 247, 249]
[0, 64, 133, 43, 138, 106, 248, 249]
[0, 64, 133, 90, 210, 176, 94, 249]
[0, 64, 133, 90, 216, 100, 47, 249]
[null, 78, 12]
[0, 133, 64, 231, 217, 70, 90, 249]
[0, 133, 64, 231, 217, 70, 90, 72, 81, 89]
[0, 210, 16, 32, 63, 65, 43, 138, 106, 232]
[0, 210, 16, 32, 63, 65, 43, 138, 106, 234]
[0, 133, 64, 231, 217, 70, 90, 72, 81, 45]
[0, 210, 16, 32, 63, 65, 43, 138, 106, 236]
[0, 133, 64, 231, 217, 70, 90, 216, 209, 240]
[0, 133, 64, 231, 217, 70, 90, 72, 181, 43]
[0, 210, 16, 32, 63, 65, 43, 249]
[0, 210, 16, 32, 63, 65, 43, 138, 106, 33]
[0, 133, 64, 231, 217, 70, 90, 210, 49, 87]
[0, 210, 16, 32, 63, 65, 43, 138, 106, 34]
